1365749893313657498933,
           13975532176,
           15116388715,
           15811070023,
           13601213158,
           13910863755,
           13921675237,
           15974130420,
           15973125292,
           13640944902,
           18011928188,
           13823794686,
           18233289782,
           18673371607,
           18229704864,
           13930562377,
           18011876088,
           13718919792,
           13787002310,
           13574116399,
           15103338882,
           13810582811,
           13917560653,
           13718880820,
           18823738758,
           13875892981,
           13910416083,
           13723899841,
           13811502317,
           18873041823,
           15124514897,
           13787003210,
           18271265712,
           13681076740,
           13693642762,
           13632877984,
           15910541635,
           13910477758,
           13810056313,
           18231316663,
           13811236600,
           18911097275,
           15874051322,
           15074993731,
           15979212331,
           15111401446,
           13910723765,
           15097399868,
           18573037097,
           13450489996,
           18898566899,
           15367311162,
           13677350045,
           18974941335,
           13668306563,
           13511021286,
           18073195010,
           15111401445,
           13466390123,
           13622342322,
           13701164402,
           18301655891,
           13508485680,
           13911887649,
           13601376363,
           13520443807,
           13974875548,
           18711019805,
           15116323273,
           15811335592,
           13693673642,
           18618462333,
           13787139810,
           13911383010,
           13636035190,
           15110263493,
           15388950103,
           15132324455,
           18874891388,
           18574398617,
           13716327099,
           15111197300,
           13875893681,
           15073138350,
           15726670199,
           13910897107,
           15815838019,
           18874898789,
           15901297064,
           13911887640,
           13552607952,
           13808480098